 59 62 64 66 0.0 0.0
 35 24 27 29 120.0 2.5
 193 196 198 200 0.0 0.0
 169 158 161 163 120.0 2.5
 327 330 332 334 0.0 0.0
 303 292 295 297 120.0 2.5
 461 464 466 468 0.0 0.0
 437 426 429 431 120.0 2.5
 595 598 600 602 0.0 0.0
 571 560 563 565 120.0 2.5
 729 732 734 736 0.0 0.0
 705 694 697 699 120.0 2.5
 863 866 868 870 0.0 0.0
 839 828 831 833 120.0 2.5
 997 1000 1002 1004 0.0 0.0
 973 962 965 967 120.0 2.5
 1131 1134 1136 1138 0.0 0.0
 1107 1096 1099 1101 120.0 2.5
 1265 1268 1270 1272 0.0 0.0
 1241 1230 1233 1235 120.0 2.5
 1399 1402 1404 1406 0.0 0.0
 1375 1364 1367 1369 120.0 2.5
 1533 1536 1538 1540 0.0 0.0
 1509 1498 1501 1503 120.0 2.5
 1667 1670 1672 1674 0.0 0.0
 1643 1632 1635 1637 120.0 2.5
 1801 1804 1806 1808 0.0 0.0
 1777 1766 1769 1771 120.0 2.5
 1935 1938 1940 1942 0.0 0.0
 1911 1900 1903 1905 120.0 2.5
 2069 2072 2074 2076 0.0 0.0
 2045 2034 2037 2039 120.0 2.5
 2203 2206 2208 2210 0.0 0.0
 2179 2168 2171 2173 120.0 2.5
 2337 2340 2342 2344 0.0 0.0
 2313 2302 2305 2307 120.0 2.5
 2471 2474 2476 2478 0.0 0.0
 2447 2436 2439 2441 120.0 2.5
 2605 2608 2610 2612 0.0 0.0
 2581 2570 2573 2575 120.0 2.5
 2739 2742 2744 2746 0.0 0.0
 2715 2704 2707 2709 120.0 2.5
 2873 2876 2878 2880 0.0 0.0
 2849 2838 2841 2843 120.0 2.5
 3007 3010 3012 3014 0.0 0.0
 2983 2972 2975 2977 120.0 2.5
 3141 3144 3146 3148 0.0 0.0
 3117 3106 3109 3111 120.0 2.5
 3275 3278 3280 3282 0.0 0.0
 3251 3240 3243 3245 120.0 2.5
 3409 3412 3414 3416 0.0 0.0
 3385 3374 3377 3379 120.0 2.5
 3543 3546 3548 3550 0.0 0.0
 3519 3508 3511 3513 120.0 2.5
 3677 3680 3682 3684 0.0 0.0
 3653 3642 3645 3647 120.0 2.5
